1 49525.5556 5940.5556
2 49525.5556 5940.5556
3 49738.8889 6345.0000
4 49608.3333 6405.8333
5 49796.6667 6155.5556
6 49828.6111 5764.7222
7 49757.7778 6353.3333
8 49716.3889 6490.0000
9 49533.3333 6316.6667
10 49716.3889 6490.0000
11 49616.6667 6233.3333
12 49533.3333 6316.6667
13 49501.3889 6352.7778
14 50053.3333 5919.1667
15 49967.7778 5890.2778
16 50053.3333 5919.1667
17 49623.6111 6136.3889
18 49650.0000 6050.0000
19 49968.8889 5931.9444
20 49988.8889 5999.1667
21 49988.8889 5999.1667
22 50140.5556 6023.8889
23 49650.0000 6050.0000
24 49968.8889 5931.9444
25 49938.6111 6156.1111
26 49850.0000 6116.6667
27 49541.3889 6021.6667
28 49750.0000 6200.0000
29 49719.7222 6200.0000
30 49511.1111 5873.8889