1 41800.0000 82650.0000
2 41966.6667 82533.3333
3 41983.3333 82933.3333
4 42033.3333 82750.0000
5 42033.3333 82916.6667
6 42050.0000 82583.3333
7 42100.0000 82450.0000
8 42100.0000 83100.0000
9 42133.3333 82750.0000
10 42150.0000 82966.6667
11 42166.6667 82816.6667
12 42233.3333 82550.0000
13 42250.0000 81916.6667
14 42250.0000 82433.3333
15 42283.3333 83066.6667
16 42300.0000 82716.6667
17 42300.0000 83066.6667
18 42316.6667 82850.0000
19 42316.6667 82900.0000
20 42316.6667 82983.3333
21 42316.6667 83000.0000
22 42333.3333 82000.0000
23 42333.3333 82950.0000
24 42333.3333 83033.3333
25 42400.0000 82183.3333
26 42433.3333 81883.3333
27 42550.0000 81966.6667
28 42566.6667 81683.3333
29 42583.3333 82166.6667
30 42583.3333 82366.6667
31 42600.0000 81600.0000
32 42633.3333 80450.0000
33 42650.0000 80816.6667
34 42666.6667 81216.6667
35 42700.0000 81083.3333
36 42716.6667 81300.0000
37 42716.6667 82483.3333
38 42750.0000 81700.0000
39 42783.3333 80200.0000
40 42783.3333 80983.3333
41 42783.3333 81183.3333
42 42800.0000 80066.6667
43 42816.6667 81433.3333
44 42816.6667 82466.6667
45 42833.3333 80300.0000
46 42850.0000 80500.0000
47 42850.0000 82466.6667
48 42866.6667 79566.6667
49 42866.6667 80733.3333
50 42883.3333 79233.3333
51 42883.3333 82150.0000
52 42900.0000 78933.3333
53 42900.0000 79616.6667
54 42933.3333 80283.3333
55 42950.0000 80050.0000
56 42950.0000 81616.6667
57 42950.0000 81883.3333
58 42950.0000 82116.6667
59 42966.6667 79750.0000
60 42966.6667 82400.0000
61 42983.3333 79250.0000
62 42983.3333 80600.0000
63 42983.3333 81250.0000
64 43000.0000 82400.0000
65 43033.3333 79283.3333
66 43033.3333 80883.3333
67 43033.3333 81466.6667
68 43066.6667 79950.0000
69 43083.3333 79050.0000
70 43100.0000 79050.0000
71 43100.0000 79533.3333
72 43100.0000 80233.3333
73 43100.0000 82000.0000
74 43116.6667 79200.0000
75 43116.6667 81433.3333
76 43133.3333 79100.0000
77 43133.3333 80266.6667
78 43133.3333 80750.0000
79 43150.0000 79500.0000
80 43166.6667 79050.0000
81 43166.6667 79233.3333
82 43166.6667 79466.6667
83 43166.6667 81683.3333
84 43166.6667 81850.0000
85 43183.3333 81400.0000
86 43200.0000 79266.6667
87 43200.0000 79550.0000
88 43200.0000 80383.3333
89 43216.6667 79216.6667
90 43216.6667 79750.0000
91 43233.3333 80550.0000
92 43250.0000 79066.6667
93 43250.0000 79833.3333
94 43250.0000 81133.3333
95 43266.6667 79933.3333
96 43283.3333 80450.0000
97 43283.3333 81250.0000
98 43283.3333 81466.6667
99 43300.0000 81550.0000
100 43316.6667 79800.0000